RGB: 6652.071445110908 FPS

RGBA: 6799.894296381921 FPS

RGBA + Video: 470.6223984540827 FPS